201,1,
15,36,
2,9,30,11,12,15,23,11,30,34,1,218,
1,10,30,11,2,242,13,2,238,15,4,242,19,2,241,21,1,30,22,3,242,25,9,30,34,2,242,
0,11,30,11,2,242,13,9,30,22,3,242,25,1,238,26,8,30,34,2,242,
0,10,30,10,3,242,13,8,30,21,2,242,23,1,238,24,1,8,25,1,242,26,8,30,34,2,242,
0,10,30,10,3,242,13,8,30,21,2,242,23,1,238,24,1,8,25,1,242,26,8,30,34,1,242,35,1,238,
0,10,30,10,2,242,12,1,241,13,8,30,21,2,242,23,1,238,24,1,8,25,1,242,26,8,30,34,2,242,
0,7,78,7,2,149,9,1,78,10,3,242,13,7,149,20,1,78,21,2,238,23,2,8,25,1,238,26,8,78,34,2,238,
0,1,173,1,3,242,4,1,238,5,1,242,6,3,243,9,1,244,10,1,238,11,2,242,13,2,238,15,1,242,16,1,238,17,4,149,21,3,238,24,1,8,25,1,242,26,8,30,34,2,242,
0,1,149,1,3,78,4,1,174,5,1,149,6,2,78,8,2,149,10,1,238,11,2,242,13,1,78,14,1,149,15,1,174,16,4,149,20,1,78,21,2,242,23,2,8,25,1,242,26,8,78,34,1,242,35,1,238,
0,10,30,10,1,242,11,1,238,12,1,242,13,8,30,21,2,242,23,1,238,24,1,8,25,1,242,26,8,30,34,1,242,35,1,238,
0,10,30,10,2,242,12,1,238,13,8,30,21,2,242,23,1,238,24,1,8,25,1,242,26,8,30,34,1,242,35,1,238,
0,10,30,10,2,242,12,1,238,13,8,30,21,2,242,23,2,8,25,1,242,26,8,30,34,1,242,35,1,238,
0,11,30,11,2,242,13,9,30,22,4,242,26,8,30,34,1,242,35,1,238,
1,10,30,11,1,238,12,2,242,14,5,241,19,2,242,21,1,30,22,2,218,24,1,242,25,9,30,34,1,242,35,1,238,
2,9,27,11,14,7,25,9,27,34,1,242